"fc.raw.file"	"EVD:~Contaminants~\"[1]\""	"EVD:~Pep~Intensity~(\">23.0\")~\"[2]\""	"EVD:~Charge~\"[3]\""	"MS^2*Scans:~TopN~high~\"[4]\""	"MS^2*Scans:~TopN~over~RT~\"[5]\""	"EVD:~ID~rate~over~RT~\"[6]\""	"EVD:~RT~Peak~Width~\"[7]\""	"MS^2*Scans:~Ion~Inj~Time~\"[8]\""	"MS^2*Scans:~Intensity~\"[9]\""	"EVD:~MS^2~Oversampling~\"[10]\""	"EVD:~MS~Cal-Pre~(20.0)~\"[11]\""	"EVD:~MS~Cal-Post~\"[12]\""	"MS^2*Scans:~TopN~ID~over~N~\"[13]\""	"EVD:~Pep~Missing~Values~\"[14]\""	"EVD:~Pep~Count~(\">15000\")~\"[15]\""	"EVD:~Prot~Count~(\">3500\")~\"[16]\""	"Average~Overall~Quality"
"file 001"	0.134499285837865	0.121784210205078	0.969067573830735	0.259365153460147	0.548433320139247	0.596102668605825	0.846677120669056	0.000467551898260707	1	0.869444444444444	0.9774285	0.999366200387724	0.66901660517598	0.0360224331320104	0.0668	0.103714285714286	0.512386834593791
"file 002"	0.157339315984212	0.117129683494568	0.954306950442463	0.274826789838337	0.592478444910864	0.608126518664582	0.865234692881091	0.000463994060876021	1	0.864783047426842	0.971372	0.999998674193495	0.662707448220214	0.0333261432269198	0.0618	0.0974285714285714	0.516332642173315
"file 003"	0.126481999212591	0.0906229019165039	0.91727018820982	0.246508838564126	0.533854245580695	0.613407818725479	0.932005060088552	0.000381861575178998	1	0.829656862745098	0.97039275	0.99870658796583	0.638906863773055	0.0273583549036526	0.0507333333333333	0.0954285714285714	0.504482264876405
"file 004"	0.130383312249646	0.106896162033081	0.928246317792088	0.233180302781877	0.497364379705636	0.621452825462372	0.916482054060946	0.000382445740510565	1	0.853754940711462	0.959601	0.994676213146422	0.68686583617031	0.0256686798964625	0.0476	0.0857142857142857	0.505516797216569
"file 005"	0.378409271584571	0.325465202331543	0.973642737229428	0.28942655145326	0.621892216155257	0.577923029576831	0.844406838417749	0.000367444424030865	1	0.898755656108597	0.97930875	0.996761706960805	0.694947131548631	0.0595340811044003	0.1104	0.111714285714286	0.553934681413087
"file 006"	0.55168841174394	0.490224361419678	0.990784745547907	0.307649558679307	0.659708860485197	0.558936961001582	0.839080726621049	0.000453679339442882	1	0.912727272727273	0.99954178	0.99991839767349	0.689946824885385	0.0836928386540121	0.1552	0.153428571428571	0.587061436887927
"file 007"	0.280988898833222	0.139164924621582	0.909250961101501	0.258706467661691	0.570594840532057	0.607485963716109	0.843322929419469	0.000467246051770863	1	0.917917034421889	0.97154825	0.999765440674363	0.632187038224165	0.0394017831463906	0.0730666666666667	0.103142857142857	0.521688206388358
"file 008"	0.363891824385873	0.182026624679565	0.9569922753918	0.278965749647693	0.623108177708115	0.596713635042423	0.862137520903517	0.000369549150036955	1	0.836964688204358	0.96953625	0.999926258807736	0.654850506458506	0.0451538682772505	0.0837333333333333	0.09	0.534023141374388
"file 009"	0.482794005013405	0.244355201721191	0.992629785543236	0.244147520504047	0.54621968451205	0.567232805526995	0.870604351363721	0.000366032210834553	1	0.879138202837625	0.97262625	0.998896136080113	0.794136508520529	0.063057233247052	0.116933333333333	0.125714285714286	0.556178208508026
"file 010"	0.519362917897184	0.267517566680908	0.947549659282836	0.283800167873908	0.644681083078471	0.566196174949052	0.870768886494375	0.000277213084457586	1	0.886375591793793	0.9705805	0.999991008509934	0.669439665414232	0.0649266609145815	0.1204	0.127714285714286	0.558723836355501
"file 011"	0.453601130106897	0.389885902404785	0.97567893632445	0.279103155451019	0.636428274028473	0.560322454298498	0.891691906291052	0.000368324125230203	1	0.897737556561086	0.9787345	0.99733796462273	0.697581859912034	0.0746692551049755	0.138466666666667	0.139714285714286	0.569457635725761
"file 012"	0.346439050467024	0.126397609710693	0.99366205882668	0.266280107047279	0.592708325859109	0.590953696598564	0.910767894984695	0.00027972027972028	1	0.85036496350365	0.9703445	0.99981390484845	0.564725205400618	0.0356988783433995	0.0662	0.0717142857142857	0.524146887599011
"file 013"	0.4859413175422	0.134396553039551	0.971203187125575	0.28351333686078	0.625064254270916	0.585943096540206	0.910015634738132	0.000277777777777778	1	0.884743504330446	0.970002	0.998568117301044	0.639541480035365	0.0500431406384815	0.0928	0.0971428571428571	0.545574766083958
"file 014"	0.218336776653389	0.369614362716675	0.953205163536253	0.262032402333916	0.63160786947355	0.548779621961811	0.905825669947554	0.000470632530120482	1	0.870824053452116	0.972526	0.999836776777081	0.726525835920772	0.0585634167385677	0.1086	0.124	0.546921786377613
"file 015"	0.449302881358509	0.214517116546631	0.946552953947694	0.289917564996829	0.675091828568459	0.564177260246287	0.888335517088654	0.000370233246945576	1	0.858695652173913	0.9728365	0.997276842609014	0.641490051795438	0.0590307736554501	0.109466666666667	0.114571428571429	0.548852079466995
"file 016"	0.342953549151721	0.235366821289063	0.991232125926083	0.280446310884958	0.608076971104307	0.59800081743135	0.867936572162072	0.000276090557702927	1	0.922145328719723	0.9779165	0.999986519660008	0.667842056798455	0.0584555651423641	0.1084	0.126857142857143	0.549118273230309
"file 017"	0.423557456859103	0.223922729492188	0.984225778392913	0.281277974996141	0.694750269599431	0.598295669373849	0.844813697215695	0.000369788296200425	1	0.897350993377483	0.9793615	0.99941097180312	0.710004035622293	0.0609002013229796	0.112933333333333	0.125142857142857	0.558519828551724
"file 018"	0.361027020648231	0.114729404449463	0.968352502323584	0.253280500760904	0.547888133914807	0.611598095865374	0.82854585861812	0.000281584381452975	1	0.914191419141914	0.971498	0.999999627676367	0.69110562519793	0.0414150129421915	0.0768	0.106571428571429	0.530455263405735
"file 019"	0.500438973183384	0.440680980682373	0.992830530540082	0.283110946380035	0.62208365960014	0.572469985108819	0.862258558123068	0.000459981600735971	1	0.919375263824399	0.995651075	0.997511267322441	0.731443165078911	0.0795585274662065	0.147533333333333	0.152	0.581087890452745
"file 020"	0.414733023985342	0.292450189590454	0.995534773369872	0.263629398243649	0.602974504617601	0.568432312707522	0.919006621997366	0.000465896384644055	1	0.859364873622813	0.97602875	0.999285680998707	0.652439952025918	0.0508700028760426	0.0943333333333333	0.0882857142857143	0.548614689252436
"file 021"	0.465193461011283	0.240099430084229	0.973128476609427	0.237675393796032	0.529564447427876	0.573726793732252	0.870107901038429	0.00037037037037037	1	0.783012134189864	0.9716165	0.997915979539161	0.667739268568999	0.044722461892436	0.0829333333333333	0.0857142857142857	0.532720014831749
"file 022"	0.338585798050085	0.234532356262207	0.989376318515519	0.290135518436811	0.614273935488129	0.589448746055992	0.80115466158553	0.000459727841118058	1	0.742096505823627	0.983441	0.999550393870652	0.625920851387391	0.0395815358067299	0.0734	0.0871428571428571	0.525568762891666
"file 023"	0.0982825183030032	0.20221471786499	0.939093999256211	0.215036686465712	0.31055419020972	0.577212499953494	0.95573328633331	0.000711997152011392	0.406350213600154	0.844349680170576	0.978803	0.999999693913543	0.576346608645574	0.0157463330457291	0.0292	0.0554285714285714	0.450316499771412
"file 024"	0.0782525879309934	0.216919183731079	0.958361771891294	0.217920835145716	0.327131250325278	0.56168315280225	0.957917696976509	0.000742023250061835	0.430425018398787	0.827526132404181	0.99381275	0.998411007381759	0.622369963650544	0.0186583261432269	0.0346	0.056	0.45629573125198
"file 025"	0.200851262553124	0.168740749359131	0.977974273211112	0.243523972385838	0.28382113890743	0.523597962953547	0.935776253316576	0.00053464499572284	0.3686038508088	0.872294372294372	0.9763	0.999355117976716	0.644618958399259	0.0310972102387115	0.0576666666666667	0.0722857142857143	0.459815134272045
"file 026"	0.261796896248186	0.195395946502686	0.951621948213895	0.266223477542023	0.279750720446646	0.562334202109114	0.953603813131879	0.000540131792157286	0.446216027874564	0.877692842251564	0.982945	0.99969667544132	0.671063752571754	0.0488927236123095	0.0906666666666667	0.102571428571429	0.480688265811012
"file 027"	0.339749224522569	0.165760517120361	0.931869348840155	0.289616124207677	0.243718628342708	0.560071569034215	0.922893839552525	0.000416189782540839	0.498486659575168	0.907363420427554	0.98996025	0.999686866491619	0.659236205928868	0.0576646534368709	0.106933333333333	0.118571428571429	0.486999891197975
"file 028"	0.49632687907356	0.314784049987793	0.973336054287179	0.32451108651169	0.232545222689721	0.521013087614496	0.939086844415185	0.00088944231966557	0.621856632940608	0.882993197278912	0.9872995	0.99996841149751	0.726506648859273	0.0993672706356054	0.184266666666667	0.171714285714286	0.529779080030759
"file 029"	0.234250542963302	0.186210870742798	0.928718628546874	0.254296455424275	0.282248429115708	0.543352430580035	0.963069339891839	0.000546806649168854	0.398463388711772	0.87363100252738	0.9983288	0.999997898453987	0.684029724953793	0.0398691400632729	0.0739333333333333	0.0825714285714286	0.47146988878306
"file 030"	0.168056937812182	0.183326005935669	0.939672332913266	0.228306818548517	0.307739131288	0.548450712948304	0.932100612473999	0.000574316563289685	0.431766353605002	0.866939611054248	0.989184	0.998351086308108	0.683610667956992	0.0334339948231234	0.062	0.0797142857142857	0.465826679246562
"file 031"	0.354378967005441	0.227487087249756	0.978080376258392	0.261535915259848	0.252855672603956	0.532431777543629	0.960287169608801	0.00063217785270256	0.482775737119031	0.872846108140226	0.985017	0.999076304764203	0.705974333324404	0.0572332470520564	0.106133333333333	0.108	0.492796575444736
"file 032"	0.255528117922913	0.379180908203125	0.972445895934556	0.24504528153301	0.238875564396956	0.534927880840604	0.877959157127992	0.00143298059964727	0.421429594867604	0.804370447450572	0.980259	0.99606571259908	0.646955413481919	0.0312050618349152	0.0578666666666667	0.0614285714285714	0.469061015930508
"file 033"	0.48702605030777	0.428354740142822	0.913920377030759	0.360929813844324	0.261646286047625	0.515770864398527	0.915964594181926	0.00295420974889217	0.623695071619325	0.858000706464147	0.9895945	0.998875766760447	0.721607913161658	0.090595340811044	0.168	0.155714285714286	0.530790657514597
"file 034"	0.491982988810321	0.554829835891723	0.945662293651426	0.346152653289086	0.249969338478352	0.510175155871663	0.967607663893547	0.00567739928449214	0.706187733173585	0.852531430513082	0.99220025	0.999619458431595	0.731906226577003	0.0955205637043428	0.177133333333333	0.175142857142857	0.550143698877901
"file 035"	0.50684634592352	0.450372695922852	0.961727806629356	0.283817019183473	0.23814784170009	0.538293671143171	0.960021327366628	0.0043859649122807	0.614649076069607	0.868818105616094	0.9853115	0.999991859016043	0.70120006666559	0.0789473684210526	0.1464	0.159142857142857	0.531129594107038
"file 036"	0.0337189550950876	0.295722484588623	0.983710203947043	0.191547315701608	0.409780224638302	0.540711996584593	0.825161290322581	0.000719683339330694	0.394357255493587	0.7225	0.9810465	0.995167583689436	0.599461362781679	0.0123669830313489	0.0229333333333333	0.0414285714285714	0.440645858998445
"file 037"	0.072761504699637	0.287199020385742	0.96536301059985	0.237521620953793	0.282606886176195	0.527314595929272	0.949085406746697	0.00202256759633809	0.469547669905705	0.822245322245322	0.9788245	0.999763874920332	0.653005974555167	0.0312050618349152	0.0578666666666667	0.0708571428571429	0.462949426629548
"file 038"	0.062728876487273	0.297027826309204	0.961913865274274	0.242956480038365	0.28453100808084	0.549032058585124	0.930803406658301	0.00263638207260191	0.49393224723007	0.808924485125858	0.97663275	0.996714160951306	0.69095501050715	0.0277897612884671	0.0515333333333333	0.0737142857142857	0.465739121103528
"file 039"	0.701553985996366	1	0.901065714699731	0.541496187465129	0.415262530387988	0.59605199578812	0.574260752688172	0.00704308017372931	0.840449039500637	0.950604838709677	0.8742825	0.999920444894393	0.744270580309708	0.376617773943054	0.6984	0.528	0.671829964034794
"file 040"	0.698313296137506	1	0.938174677908671	0.25706340049111	0.437946242478926	0.586679486705442	0.534939647902172	0.005779518532671	0.575243974783383	0.937381404174573	0.773285	0.999194442314701	0.723119422808273	0.146965775093471	0.272533333333333	0.218857142857143	0.569092297845086
"file 041"	0.43891646967951	0.566422939300536	0.975868589040211	0.130079159533529	0.575131759106696	0.606119413042442	0.481911190142256	0.0023224153119244	0.456657299166902	0.945652173913043	0.7754475	0.997816770980584	0.803553606988478	0.0844118492953696	0.156533333333333	0.180571428571429	0.51108849358789
"file 042"	0.697884601333733	0.873231887817383	0.932928752125808	0.206912001911703	0.491534403144597	0.61148869423654	0.521912577811852	0.00379790539762919	0.518080989557214	0.936192198398347	0.747015	0.999722218618367	0.743813287433269	0.121944204774231	0.226133333333333	0.188	0.551287003493375
"file 043"	0.422696970488907	0.472104549407959	0.955060998532093	0.0943777698702812	0.537150171711749	0.61692483372781	0.480613596233078	0.00242050830674442	0.436335706396131	0.951147733961153	0.769455	0.997265405563739	0.822022443289442	0.0559749784296808	0.1038	0.133142857142857	0.490655845191352
"file 044"	0.438310600959563	0.73462724685669	0.977725095126883	0.112958278730991	0.668468710818474	0.610127369919057	0.390386551749621	0.00276065151375725	0.388693847997907	0.965063001145475	0.87109	0.996764205051723	0.76773439497908	0.0547167098073051	0.101466666666667	0.129428571428571	0.513145118921985
"file 045"	0.505502163923061	0.649011135101318	0.963019530983643	0.172306344028434	0.635607039509803	0.622046920419441	0.40267119244392	0.0012987012987013	0.457743219085943	0.967532467532468	0.85778	0.997111444704851	0.823185442599592	0.109577221742882	0.2032	0.248	0.538474551460879
"file 046"	0.621407690549197	0.780010223388672	0.928914402969188	0.170176358568156	0.494841304300446	0.592959709258582	0.49840020132298	0.00247739378174161	0.522759532411147	0.941903940178315	0.75122	0.999562890196824	0.76321531725915	0.113028472821398	0.2096	0.193428571428571	0.536494125527148
"file 047"	0.295215543551824	0.743871927261352	0.966812549362821	0.165983200882378	0.526029721022724	0.594842235909856	0.489845415778252	0.00310478654592497	0.497681579017946	0.938592750533049	0.7637375	0.998358057577871	0.730685447239366	0.0753163646821973	0.139666666666667	0.158285714285714	0.505501841269871
"file 048"	0.448237410138179	0.698006153106689	0.954183122297892	0.142468239564428	0.566452594431622	0.601345870419813	0.536327809215845	0.00191952750092285	0.476734419620359	0.931285367825384	0.776085	0.999976758936412	0.743660902570031	0.0809605982168536	0.150133333333333	0.166285714285714	0.517128926341467
"file 049"	0.331807334530898	0.565719604492188	0.971912451138054	0.0931038730225764	0.675290304998911	0.606581508487884	0.43188202247191	0.00217338807051437	0.378072234030117	0.956460674157303	0.869755	0.998144401196536	0.764316685321989	0.046448087431694	0.0861333333333333	0.122857142857143	0.493791127846316
"file 050"	0.685468256475368	1	0.920479498248227	0.38895297103121	0.385167905016279	0.572108064365521	0.530139713653062	0.00276140010448541	0.703609065704446	0.957511241626136	0.866845	0.999937044026562	0.761270225133384	0.354256542996836	0.656933333333333	0.512285714285714	0.643607873500035
"file 051"	0.664601194581645	0.67594051361084	0.933452159016867	0.151688853095836	0.531042651745299	0.623984428694485	0.498854833813189	0.0023958574851225	0.476792365599839	0.946873102610807	0.79037	0.9996944730555	0.797492637330438	0.108390854184642	0.201	0.207142857142857	0.53810729887296
"file 052"	0.816204791504878	0.579535961151123	0.987688826274834	0.0427025559477175	0.644903198287287	0.712175753190605	0.335034192782162	0.00081366965012205	0.486570408084642	0.966745843230404	0.89555	0.996830506440255	0.856066072467411	0.0136252516537245	0.0252666666666667	0.0591428571428571	0.526178534654668
"file 053"	0.257035272499271	0.673389434814453	0.959948168183632	0.104668253079507	0.78723526810498	0.614449404888905	0.405886708523761	0.00244716351501669	0.38993749323395	0.969738651994498	0.8533425	0.9875550111162	0.796355553064868	0.0468794938165085	0.0869333333333333	0.121428571428571	0.503576892599841
"file 054"	0.245059272093498	0.28495192527771	0.961067411562637	0.224370015948963	0.324244015131342	0.534629416455983	0.961183575585646	0.00103638876093966	0.397730790198882	0.841341795104261	0.970961	0.999460218758784	0.699924673153663	0.0372447512223181	0.0690666666666667	0.074	0.476641994745081
"file 055"	0.0665259916684704	0.572252273559571	0.98905503153325	0.0940324295587454	0.617354338889282	0.615324812774641	0.53545745272525	0.00498414136837336	0.390195571783448	0.908965517241379	0.75051	0.999879313341728	0.641870318491488	0.0219298245614035	0.0406666666666667	0.076	0.457812730260231
"file 056"	0.764298261696825	1	0.872769031213417	0.561523189997466	0.440907833211326	0.591715241277082	0.635904976935105	0.010970115891193	0.96583537110836	0.959532431230544	0.765825	0.999960377166469	0.770793593452846	0.512366983031349	0.950133333333333	0.606571428571429	0.713069198007297
"file 057"	0.366413643724838	0.546562671661377	0.991346187210641	0.0989083587630163	0.67322806322479	0.627716470897186	0.590146154291113	0.00228357899107328	0.422583280663674	0.916317991631799	0.73923	0.999925108850233	0.774842636897823	0.0559390278976129	0.103733333333333	0.139428571428571	0.503037817466693
"file 058"	0.711188793477764	0.949078798294068	0.942788611787827	0.403298625233873	0.326279970546831	0.629842440437564	0.594218393613555	0.00254248628395557	0.655512526345297	0.962896289628963	0.765775	0.999996605356007	0.759238833159252	0.331967213114754	0.6156	0.494285714285714	0.634031893847839
"file 059"	0.27721534195364	0.133347511291504	0.97117172157521	0.228174758804612	0.518211740683928	0.597575257843656	0.939776156573203	0.000186219739292365	1	0.848319709355132	0.9725945	0.99952617416232	0.685465038057349	0.0366695427092321	0.068	0.0877142857142857	0.52274674740396
"file 060"	0.493798088587331	0.303119421005249	0.930938594574214	0.270370593915983	0.614055688949581	0.579318205080525	0.884052083954445	0.000373726992432028	1	0.921441774491682	0.970423	0.999183456069711	0.763722907462625	0.0746692551049755	0.138466666666667	0.147142857142857	0.568192269999892
"file 061"	0.266181412645627	0.142502784729004	0.918114379919794	0.222515955032177	0.543111549433322	0.612609586961755	0.888362985832886	0.000291149068322981	1	0.836107554417414	0.969905	0.99999910440093	0.572449877477735	0.0261360368133448	0.0484666666666667	0.0668571428571429	0.507100699141008
"file 062"	0.298781257725592	0.483280420303345	0.959457760013748	0.33510081173082	0.21821365318929	0.52959956923972	0.918251706579606	0.00337666722944454	0.642615819354811	0.902242668200115	0.995649925	0.999842701136562	0.70656230332366	0.114574345700316	0.212466666666667	0.226571428571429	0.53416173149782
"file 063"	0.742127683940971	1	0.861613955986195	0.558575145087052	0.477092874032409	0.561739124744998	0.571354391411882	0.0104446336192784	0.947073975041685	0.96026101141925	0.88482	0.999999235400759	0.782942284266843	0.489430543572045	0.9076	0.586285714285714	0.708835035800568
"file 064"	0.671494439448569	0.62401294708252	0.958227112159603	0.118063184526782	0.583625704466871	0.619590075638964	0.477355072463768	0.00243783520234032	0.436281505056209	0.93816425120773	0.807165	0.996704312431642	0.733319013337191	0.0663646821972965	0.123066666666667	0.12	0.517241987617884
"file 065"	0.318350210162682	0.210577249526978	0.976858309172491	0.286487162648153	0.623127888562239	0.577695137461823	0.861283856860717	0.000461084470675028	1	0.811224489795918	0.97049225	0.999235872454943	0.623928255029899	0.0454774230658614	0.0843333333333333	0.084	0.529595782659107
"file 066"	0.560350957383572	0.34688115119934	0.974945190577917	0.284384823679542	0.695586949727871	0.546377326831849	0.885946401052759	0.00064647210934614	1	0.847557702630166	0.98443975	0.999954422590378	0.6510164798623	0.0601452401495542	0.111533333333333	0.1	0.565610387570496
"file 067"	0.553382472454543	0.69648027420044	0.986789021681033	0.114405076124386	0.596279236946695	0.623674281098406	0.49685960591133	0.00209292591042277	0.42944033441629	0.957142857142857	0.7740175	0.999441652507763	0.740276634766791	0.0669758412424504	0.1242	0.142857142857143	0.519019678578784
"file 068"	0.265977552337117	0.34182071685791	0.999677125066636	0.184839781858079	0.336303106465074	0.57809861993102	0.941498912418944	0.0013588802826471	0.364542594171788	0.814249363867684	0.970554	0.998162104352379	0.683923666281578	0.0267831463905666	0.0496666666666667	0.0642857142857143	0.476358871952113
"file 069"	0.466741551330676	0.311481952667236	0.991252676528087	0.2280099700177	0.245062243853918	0.563125783437041	0.962896191057787	0.00154460033466341	0.442022786724687	0.876020786933927	0.97457875	0.999694071867937	0.724921939647235	0.0460526315789474	0.0854	0.102285714285714	0.501318228141597
"file 070"	0.343484968826558	0.249701738357544	0.994067573830735	0.165229457825354	0.366195527430856	0.578187430602192	0.92831541218638	0.000606612071580224	0.328588408486091	0.880208333333333	0.9717995	0.999304099573239	0.673959489042247	0.019772792637331	0.0366666666666667	0.0445714285714286	0.473791214965096
"file 071"	0.209385922905727	0.340509414672852	0.999677125066636	0.23722441697464	0.250929691927021	0.541324188828299	0.966210606377296	0.00252802813805232	0.463834462652591	0.850251979841613	0.9789205	0.999813496141962	0.678155630719835	0.0453695714696577	0.0841333333333333	0.0971428571428571	0.484088201637023
"file 072"	0.183466211253422	0.31360387802124	0.996668282108734	0.164043135361339	0.394184013830696	0.596022284027135	0.968071263333762	0.000891398009211113	0.34014143864482	0.816733067729084	0.983372	0.993854944865345	0.673022380784811	0.0169327006039689	0.0314	0.0471428571428571	0.469971865982277
"file 073"	0.267527661612972	0.388479232788086	0.976228452122225	0.166349206349206	0.413574346644615	0.574159164035043	0.962583882740758	0.00122081489394171	0.360074796452363	0.821167883211679	0.97981675	0.99215381740223	0.647512962919718	0.0183707218866839	0.0340666666666667	0.0422857142857143	0.477848254625744
"file 074"	0.407723263448848	0.367331504821778	0.997376427867744	0.239547788922207	0.243360566358212	0.555118954003931	0.958548899033944	0.00235932523298337	0.465264221127978	0.834204630321135	0.9821245	0.998252962319028	0.727200845983458	0.0446505608283003	0.0828	0.0925714285714286	0.499902242427561
"file 075"	0.398258268225983	0.388318300247193	0.963285367345736	0.276886412459721	0.24111811039468	0.545384066667846	0.949295013704406	0.00193541815218499	0.464476572192003	0.822875816993464	0.978002	0.999560093358672	0.708718569608679	0.050186942766753	0.0930666666666667	0.0868571428571429	0.498014047602571
"file 076"	0.275320911662412	0.394546985626221	0.98408855086206	0.204770253729862	0.315502167895846	0.558522679520894	0.941826814750836	0.00128518185323223	0.386668704012788	0.811408614668219	0.977625	0.997692083402623	0.659184022373006	0.0282930687374173	0.0524666666666667	0.0614285714285714	0.478164392324416
"file 077"	0.069843453217215	0.354021787643432	0.998465194686214	0.141182916806186	0.444958802825494	0.599827947560013	0.908631236681608	0.00109941887859274	0.367133204633205	0.829157175398633	0.969539	0.991593504428904	0.67546102417807	0.0148475697440322	0.0275333333333333	0.0428571428571429	0.464759544554505
"file 078"	0.206110593130364	0.316619873046875	0.986441296384018	0.195679707289614	0.332599754257921	0.58967356359093	0.951367240444565	0.00170019835647492	0.436998309285062	0.853991596638655	0.9746005	0.998203489885409	0.716140859687928	0.0322116767328156	0.0597333333333333	0.082	0.483379499503998
"file 079"	0.0165926257637763	0.15406608581543	0.987212542834073	0.241673357512666	0.541608066893394	0.605167238931752	0.91554322995985	0.000470366886171214	1	0.791845493562232	0.9691995	0.989020094507859	0.604250716971878	0.0147397181478286	0.0273333333333333	0.0442857142857143	0.493938005337872
"file 080"	0.0278605717791678	0.132298469543457	0.987289796052957	0.265915492957747	0.535518855902628	0.602491282420494	0.900774193548387	0.00037233547426231	1	0.724	0.97068225	0.982131003513042	0.514137380880542	0.0157103825136612	0.0291333333333333	0.0471428571428571	0.483466137816408
"file 081"	0.365126815332216	0.148969888687134	0.946768128023521	0.257862375334647	0.583214253963421	0.570941814529472	0.913666651280563	0.000284252416145537	1	0.847914963205233	0.9689965	0.999833691045011	0.615973922298658	0.0413071613459879	0.0766	0.0654285714285714	0.525180561805661
"file 082"	0.3071676846809	0.178670883178711	0.961385872914446	0.280515117581187	0.653676921023718	0.609865111752411	0.91922570314316	0.000373482726423903	1	0.88550840672538	0.982998	0.999915237772245	0.62599145733835	0.041846419327006	0.0776	0.100571428571429	0.53908198292096
"file 083"	0.36461142724695	0.192797183990479	0.923143077906239	0.275181881830081	0.604447195601016	0.6057968609269	0.844579804458837	0.000371436530782802	1	0.817760617760618	0.969581	0.997847890735115	0.649379815005285	0.0440034512510785	0.0816	0.0945714285714286	0.529104566988426
"file 084"	0.404073575165273	0.198811292648315	0.961039012353898	0.285929364531711	0.626385232648635	0.58687687880572	0.914767671149762	0.000370576246062627	1	0.873354231974922	0.970109	0.999597882201183	0.648840086387451	0.0540336496980155	0.1002	0.0902857142857143	0.544667135506041
"file 085"	0.374470091906825	0.149250030517578	0.946940901704063	0.189911478880015	0.420287808040025	0.609780921438308	0.900659824046921	9.91768322919766e-05	1	0.757985257985258	0.9693185	0.998136044566739	0.682482618476764	0.026962899050906	0.05	0.0591428571428571	0.508464275661784
"file 086"	0.431958695711283	0.342410802841186	0.98398321486748	0.226012244687966	0.485721818482663	0.556273278384217	0.873108109808263	0.000369276218611521	1	0.790951638065523	0.9740165	0.999746269610209	0.689211554732218	0.0390422778257118	0.0724	0.0762857142857143	0.533843212220065
"file 087"	0.0179067844775826	0.0923919677734376	0.96468311224833	0.225938511759827	0.493401545189257	0.603018474429526	0.901740919645078	0.000288156757275958	1	0.77120822622108	0.9692515	0.996349625885159	0.574057557231896	0.0122950819672131	0.0228	0.04	0.480333216474104
"file 088"	0.166858892886525	0.182676315307617	0.949091214492673	0.258025951304855	0.568324568279285	0.610373634082896	0.912462823152597	0.000469307302421626	1	0.831205673758865	0.9709085	0.999445555749751	0.570229864959718	0.0232959447799827	0.0432	0.0488571428571429	0.508464086807146
"file 089"	0.136188523743527	0.165104866027832	0.937577499069198	0.230393502003183	0.498588361943626	0.610214154024102	0.921008438739615	0.000387822377351173	1	0.820185614849188	0.968017	0.999678134856406	0.628397737547295	0.0289761288467069	0.0537333333333333	0.0545714285714286	0.5033139091208
"file 090"	0.319527179128446	0.182867050170899	0.971330118633602	0.202208452877498	0.454240047104486	0.610091883838259	1	0.000378429517502365	1	0.779233870967742	0.9722465	0.999999706358825	0.697587753416822	0.0328947368421053	0.061	0.0751428571428571	0.52242178662494
"file 091"	0.418367333699266	0.2777099609375	0.960056200252432	0.274670095832951	0.637131764729143	0.560205785657953	0.877743734654136	0.000374181478016838	1	0.816929133858268	0.97073075	0.999912745628713	0.640958786278168	0.0506542996836353	0.0939333333333333	0.0777142857142857	0.541068274483612
"file 092"	0.205708944370673	0.17472505569458	0.920196046052957	0.252212389380531	0.577091683210167	0.59556252603796	0.85617439516129	0.000381970970206264	1	0.8984375	0.97033825	0.999713858478277	0.69024798966801	0.0435001438021283	0.0806666666666667	0.100857142857143	0.522863410146912
"file 093"	0.17732461041623	0.178241729736328	0.957370733220156	0.285523205176061	0.676059301800193	0.601480065183071	0.938101188635817	0.000275963572808389	1	0.82321618743344	0.972134	0.999101650312619	0.576462067430158	0.0308455565142364	0.0572	0.0688571428571429	0.521387087643016
"file 094"	0.383943020322626	0.151574611663818	0.970093041489063	0.239744376848803	0.577364805536047	0.606541738918849	0.923186710724334	0.00019089433998282	0	0.838742393509128	0.9700065	0.999723347224152	0.575675405999216	0.0319600230083405	0.0592666666666667	0.066	0.462125846015689
"file 095"	0.33628229066225	0.182098150253296	0.994620856868005	0.284304791830322	0.603726497455628	0.593401029581478	0.891638260724975	0.000373029935652336	1	0.84192439862543	0.976498	0.99977776569144	0.566499517297041	0.037855910267472	0.0702	0.0765714285714286	0.528485745485276
"file 096"	0.0932981578103869	0.360286235809326	0.974294722161331	0.105095434571131	0.507645243111764	0.590418876179477	0.943831439694899	0.000850701829008932	0.30871075931023	0.87192118226601	0.9578515	0.98066650628424	0.618396575713887	0.0069384526890998	0.0128666666666667	0.0277142857142857	0.460049171238234
"file 097"	0.199676021314642	0.30672550201416	0.999619294856134	0.161394269082845	0.410091221697686	0.592500959829277	0.942540322580645	0.00080945442771572	0.348849755841138	0.850378787878788	0.966047	0.999844438276884	0.626234876718592	0.0179033649698016	0.0332	0.0422857142857143	0.468631311485876
"file 098"	0.0880931201744444	0.257712602615356	0.999184532895062	0.163844668797671	0.381424189558543	0.573104270990553	0.940824075441057	0.000730994152046784	0.325784291530033	0.844393592677345	0.962865	0.999993282109791	0.633483679424318	0.0145959160195571	0.0270666666666667	0.0431428571428571	0.453515233762206
"file 099"	0.0594819459718828	0.318247079849243	0.933629818094953	0.161021949492565	0.416117354620657	0.569920864591651	0.947872368011617	0.00151891742612538	0.375397726208024	0.802250803858521	0.97452475	0.99901048964719	0.662775607660762	0.0204918032786885	0.038	0.0497142857142857	0.458123485276635
"file 100"	0.0843646674702283	0.32845139503479	0.909162283513047	0.277451396039004	0.275234765912619	0.515274985717766	0.905349486670944	0.00256880733944954	0.426496893725388	0.808318264014466	0.9887145	0.999997042796354	0.635379830015963	0.0333980442910555	0.0619333333333333	0.0557142857142857	0.456738123849293
"file 101"	0.242288678045553	0.33029317855835	0.958926186668425	0.227354734353615	0.330167793821069	0.545807964840334	0.924453946910054	0.000666592600822131	0.43048370884307	0.801295896328294	0.9906325	0.999095630195933	0.647806028388597	0.0304860511935577	0.0565333333333333	0.0528571428571429	0.473071835433634
"file 102"	0.204398856120995	0.327718257904053	0.943841663602528	0.237200143215181	0.271557607179325	0.530534066867943	0.927668857660925	0.00133827465513692	0.472111722359658	0.813236627379873	0.989329	0.99829939863438	0.685535997298363	0.0359145815358067	0.0666	0.066	0.473205315900885
"file 103"	0.19370265918919	0.256145000457763	0.960472318484488	0.234207351914164	0.295653232185692	0.535406337417367	0.935097520250107	0.000553342186808322	0.426028548659513	0.816079295154185	0.991635	0.998901998475925	0.619821923569779	0.0299467932125395	0.0555333333333333	0.0617142857142857	0.463181183762821
"file 104"	0.0448792623846579	0.255250930786133	0.988380533617373	0.152851897184823	0.416310150379836	0.538263141300287	0.83768315018315	0.00107219442458899	0.384670218692334	0.835164835164835	0.9716835	0.999998659837652	0.693276384609608	0.0188021282714984	0.0348666666666667	0.0591428571428571	0.452018531915394
"file 105"	0.109270702214757	0.552308559417724	0.961810968691394	0.0497845859262806	0.607207133612369	0.617428095076281	0.473136886623936	0.0041820418204182	0.329997523634722	0.957654723127036	0.86868	0.999999543228543	0.635389051637989	0.00985044578659764	0.0182666666666667	0.0448571428571429	0.452489004395116
"file 106"	0.0742494931634949	0.604027509689331	0.982821118558758	0.0612244897959185	0.623302516209237	0.631582309576277	0.454754041613652	0.00416849495392716	0.334767248110342	0.925754060324826	0.86583	0.983367088223737	0.624393766857289	0.0128702904802991	0.0238666666666667	0.0494285714285714	0.45352547910327
"file 107"	0.310798883450227	0.575625896453858	0.98712312938629	0.295375165602794	0.22758013151238	0.557281022658726	0.897121415770609	0.00155736286554767	0.83326720796663	0.895833333333333	0.9889575	0.999846273922611	0.708930975764726	0.0192335346563129	0.0356666666666667	0.0397142857142857	0.523369549107812
"file 108"	0.0530770315082246	0.24029016494751	0.94144000896097	0.174227672992531	0.423256009622644	0.5447101594797	0.876316942223021	0.000768639508070715	0.348346841718985	0.818941504178273	0.9778955	0.994116288204388	0.582249738054172	0.010605406960023	0.0196666666666667	0.0388571428571429	0.440297857367645
"file 109"	0.097265165006254	0.185644626617432	0.927157416804299	0.246654772524532	0.540686630644142	0.62358143978507	0.92140883778637	0.000279433681073025	1	0.742397137745975	0.969652	0.991542245607291	0.544449386746453	0.0188380788035663	0.0349333333333333	0.0431428571428571	0.49297708513929
"file 110"	0.0968052706454304	0.256013870239258	0.958202589733845	0.23685739625065	0.287711276235216	0.553372008431039	0.895447846733257	0.00052820621170505	0.38634499254456	0.885786802030457	0.9891415	0.997395326276722	0.619634507917361	0.0133376473971815	0.0247333333333333	0.0371428571428571	0.452403464445179
"file 111"	0.0104738120391551	0.158786773681641	0.976936483750118	0.237006750452774	0.513240695472514	0.607586757140073	0.933509082120688	0.000189483657034581	1	0.738170347003155	0.9691645	0.997283029882691	0.450019975912801	0.00967069312625827	0.0179333333333333	0.0302857142857143	0.478141089491122
"file 112"	0.0793339404039435	0.263476371765137	0.948096605273743	0.230328295987493	0.296739175106259	0.536838356521735	0.93025965602097	0.00069060773480663	0.443403526860127	0.809286898839138	0.98224	0.999976568976535	0.599196953484172	0.0193054357204487	0.0358	0.062	0.452310774543407
"file 113"	0.0350043019867021	0.22275447845459	0.967605585526641	0.114920328343795	0.504735531899952	0.604066579188469	0.935250424448217	0.000960614793467819	0.310812185322687	0.905263157894737	0.9565555	0.995063646371444	0.628397236716865	0.00639919470808168	0.0118666666666667	0.0345714285714286	0.452139178805859
"file 114"	0.0444865478612722	0.339710712432861	0.99444294920611	0.112614532282122	0.476040475325557	0.579860872154795	0.892627506538797	0.000967117988394584	0.339516439519218	0.801801801801802	0.9634925	0.998112157736459	0.597661966541153	0.0072260569456428	0.0134	0.0331428571428571	0.449694030842315
"file 115"	0.0419436151148015	0.304567813873291	0.964746586176414	0.134860135224712	0.426974630259866	0.605520143393048	0.937238649940263	0.00106063284426374	0.335777076333028	0.847736625514403	0.941785	0.999991779170508	0.599690252730638	0.00834052343974691	0.0154666666666667	0.0385714285714286	0.450266972453317
"file 116"	0.0245996036698155	0.346219539642334	0.999365397427528	0.142060388486441	0.41676685740178	0.608325818287312	0.953916555814211	0.0016463615409944	0.345772268644393	0.776632302405498	0.966994	0.999013875944923	0.545403663586979	0.0094909404659189	0.0176	0.0317142857142857	0.449095116189526
